[[1.0,0.6376764847,0.5837082308,0.5773590244,0.5900574371,0.624978072,0.6408510879,0.5741844212,0.3043812902,0.2989653665,0.45738532,0.3490421044,0.4693541743,0.3280503452,0.3345243193,0.425787778,0.4340708323,0.664847614,0.5247821372,0.4852905985,0.5163456492,0.6422551932,0.5061700585,0.663073793,0.6486772634,0.5115999605,0.5255313442,0.5042304637,0.5117562316,0.4937746929,0.5151924114,0.4821172719,0.5684768205,0.4957645822,0.5985124245,0.5727129403,0.6028498737,0.5983524254,0.4638753681,0.5287638669,0.6242110578,0.6196173356,0.4730394171,0.5177031462,0.5729933337,0.5890602326,0.620334971,0.5030510511,0.5559837473,0.5130103316,0.4851857069,0.5378487404,0.5519158408,0.4039072877,0.4308959522,0.4184037091,0.4339028591,0.4946416012,0.5224238015,0.5286980749,0.5645267002,0.6028802428,0.5111472666,0.4737059815,0.493133677,0.5475290157,0.5819158587,0.5418608966,0.5821670319,0.4378053255,0.5935554301,0.600400243,0.6275203871,0.6648571358,0.5076315354,0.5881081461,0.5578775862,0.5627981678,0.5151633175,0.6044827,0.5349445828,0.56931838,0.5260932953,0.53291458,0.5509201795,0.5646537501,0.4840280581,0.5343445326,0.5582727679,0.6092994858,0.5752344146,0.4678200277,0.4473221962,0.4728442673,0.4774162189,0.5861141273,0.5717169487,0.5489520056,0.669284071,0.5849646505,0.588600063,0.5095834627,0.6607118621,0.6093248372,0.5789060395,0.4790373041,0.4266453777,0.5202161673,0.6683458829,0.5648706167,0.5718941419,0.3932999923,0.6102251406,0.5785529554,0.6135638234,0.6136273778,0.5392171889,0.6636168243,0.5861235499,0.5753406736,0.4981670366,0.6310199529,0.6556359263,0.5008702898,0.5036051515,0.6071604746,0.3964737589,0.6434707724,0.5628393166,0.5035870241,0.5607809767,0.5170415641,0.3915431335,0.5005361407,0.4575422212,0.4580158518,0.4602816843,0.4736080479,0.4371429521,0.5206322616,0.6373677416,0.5639835325,0.5723161633,0.4424146558,0.5233251365,0.559898707,0.5778546504,0.5664205269,0.590298017,0.6006851483,0.3338434079,0.4697095206,0.4257370477,0.4526178566,0.6498240985,0.5572550547,0.5127323352,0.4798557493,0.6470968864,0.6293052079,0.5998433826,0.5846181337,0.483827279,0.584104584,0.5806311774,0.5490575639,0.4228548817,0.5971228713,0.6337424481,0.5230094661,0.437199966,0.4496325298,0.4494729572,0.5434010998,0.6158647089,0.6270746985,0.5076977984,0.5200596322,0.4507984282,0.5595961377,0.5637601009,0.4476855833,0.5476421147,0.569401069,0.575983957,0.4820435647,0.6188746146,0.5559804046,0.4481326275,0.4623383389,0.481134016,0.4171255715,0.5622243822,0.5830036085,0.5816217043,0.4938421882,0.539937634],[0.6376764847,1.0,0.8928571429,0.8768472906,0.8847926267,0.9159663866,0.9189189189,0.8719211823,0.4681700069,0.2874390183,0.3115885818,0.2356769476,0.3164397953,0.1751359662,0.1816099403,0.3634656358,0.5942779455,0.5690921433,0.3660457567,0.3232696516,0.4185885874,0.5401711169,0.4823049721,0.5087984634,0.4906429331,0.3494233117,0.3976199345,0.3458215792,0.3564732859,0.331539435,0.6813010304,0.4021284526,0.5815808698,0.3905615131,0.5269043308,0.4562361767,0.634210504,0.5203769643,0.3639766247,0.4640453572,0.4922219786,0.4817541461,0.5100646185,0.4272176896,0.4769689651,0.4723387776,0.5124632082,0.359037286,0.4702327529,0.3722702193,0.3343860274,0.3820145307,0.4261777552,0.5619979988,0.3630673724,0.3035418492,0.3228272258,0.332318086,0.4103323642,0.3787747943,0.4735153538,0.4654880938,0.6749359833,0.3950219167,0.3583678735,0.5486654194,0.6546335187,0.5619943915,0.5695691283,0.4524179372,0.5809575266,0.6195788691,0.4661795827,0.6178425461,0.4960614298,0.4763582632,0.5311388709,0.5934461408,0.3855332427,0.5679471133,0.4042020276,0.4505905141,0.4263316434,0.6794642857,0.3824448521,0.4023684386,0.3535481403,0.4102874578,0.4622457267,0.5009915651,0.4249441305,0.6070300362,0.2862064016,0.3691601364,0.3728106229,0.4932310495,0.433437505,0.4197934304,0.5980304494,0.5073615027,0.4707696698,0.5280967293,0.5547561741,0.4551216313,0.4635737119,0.4516716483,0.4537129695,0.6768472906,0.5287952356,0.4588830764,0.4618047526,0.5513907033,0.4849894992,0.4571446235,0.4918384061,0.4919019605,0.4418349062,0.5148032494,0.5027794488,0.731971797,0.4212634057,0.5292397877,0.5073132093,0.4182042301,0.3413467347,0.5212811255,0.5545644699,0.4867329947,0.4131164913,0.4099445612,0.4575012847,0.6835978836,0.5553318503,0.4106331481,0.3050632879,0.374007936,0.3134998591,0.3345057107,0.2839934959,0.3647570069,0.4759675469,0.4072182407,0.423592211,0.431536395,0.4473547681,0.7095238095,0.4706392931,0.5144230318,0.549259183,0.5298293066,0.4898177168,0.31129981,0.2783579095,0.290742611,0.5197753169,0.4349859873,0.5275156723,0.4767546103,0.644600207,0.6202149886,0.6260931186,0.5893971351,0.4889971632,0.5738265828,0.6112259767,0.5838031227,0.4102569782,0.4408732661,0.6272144599,0.3690797632,0.4246020625,0.4393545286,0.4693759742,0.5403004185,0.6336554877,0.622445498,0.5517954034,0.5147787824,0.4382005247,0.5497110283,0.5780861536,0.4864044129,0.5673617735,0.6426092569,0.6245355941,0.5179001458,0.6393146906,0.5457024034,0.435534724,0.4497404353,0.4685361124,0.2616091482,0.4054029541,0.570405705,0.5690238008,0.4812442847,0.5284805083],[0.5837082308,0.8928571429,1.0,0.8666666667,0.8823529412,0.8914285714,0.8916256158,0.8928571429,0.4889270277,0.2978175287,0.3323456026,0.2460554579,0.3268183057,0.1855144766,0.1919884507,0.3793386517,0.6313149825,0.5849651592,0.3819187726,0.3391426674,0.4344616033,0.5560441328,0.5087599986,0.5246714792,0.5065159489,0.3652963276,0.4134929504,0.3616945951,0.3829283124,0.3474124509,0.7124365616,0.412506963,0.6023378906,0.4113185339,0.5372828412,0.4666146871,0.6189043815,0.5148824588,0.3586856194,0.4585508517,0.4867274731,0.4817541461,0.5124696209,0.4362123986,0.4714744596,0.4903281956,0.4878067053,0.3749103019,0.4651307121,0.3667757138,0.3447645377,0.3765200252,0.4365562656,0.5709927078,0.3630673724,0.3035418492,0.3318219348,0.332318086,0.4103323642,0.3877695033,0.4680208483,0.4654880938,0.6782326866,0.3895274112,0.3616645768,0.5433744141,0.6546335187,0.5461213756,0.5640746228,0.4524179372,0.5754630211,0.6140843636,0.4820525986,0.6290341195,0.5140508478,0.4773786714,0.5255559481,0.5791604265,0.3804312018,0.5624526078,0.3987075221,0.4450960086,0.4384195555,0.673015873,0.3824448521,0.4023684386,0.3535481403,0.4047929523,0.4567512212,0.5099862741,0.4194496251,0.6150945523,0.2862064016,0.3795386468,0.3673161174,0.4965277528,0.4493105209,0.4146913896,0.6139034653,0.5281185235,0.4654786645,0.5384752397,0.5547561741,0.4551216313,0.4635737119,0.4516716483,0.4537129695,0.6775510204,0.5233007301,0.4692615868,0.4618047526,0.5603854123,0.4953680096,0.4661393325,0.5022169165,0.5022804709,0.4522134166,0.5148032494,0.4972849433,0.7452343964,0.4316419161,0.539618298,0.5176917197,0.4127097247,0.3413467347,0.5236861279,0.5635591789,0.4971115051,0.4234950017,0.4203230715,0.4575012847,0.6571428571,0.5443428393,0.4051386426,0.2995687824,0.3685134305,0.3080053536,0.3290112052,0.2730044849,0.3592625015,0.4759675469,0.4017237352,0.4180977055,0.4260418895,0.4418602626,0.7357142857,0.4796340021,0.5408780582,0.549259183,0.5298293066,0.5056907327,0.3271728259,0.2942309253,0.3066156269,0.5230720202,0.4584553751,0.522224667,0.4767546103,0.6585575141,0.6147204831,0.6160198585,0.5839026296,0.4993756736,0.5771232861,0.6002369657,0.5588946978,0.4047624727,0.4512517765,0.6166324493,0.3580907522,0.419107557,0.4283655176,0.4726726775,0.534805913,0.644033998,0.6328240084,0.5096708613,0.5037897714,0.4485790351,0.5575960004,0.588464664,0.4829079094,0.56386527,0.6261257404,0.6190410886,0.4929917209,0.6283256796,0.5347133925,0.4300402185,0.4442459299,0.4630416069,0.2561146427,0.3999084486,0.5649111995,0.5635292953,0.4757497792,0.5388590187],[0.5773590244,0.8768472906,0.8666666667,1.0,0.8857142857,0.8944099379,0.8761904762,0.869047619,0.4571809959,0.2819445128,0.3005995708,0.2301824421,0.3109452898,0.1696414607,0.1761154348,0.3634656358,0.5995689508,0.5690921433,0.3660457567,0.3232696516,0.4185885874,0.5401711169,0.4770139668,0.5087984634,0.4906429331,0.3494233117,0.3976199345,0.3458215792,0.3690394235,0.331539435,0.6648175139,0.3966339471,0.5705918588,0.3795725022,0.5214098253,0.4507416712,0.7209451979,0.535290622,0.399501946,0.478959015,0.5071356363,0.5021623094,0.5607070977,0.4627430108,0.4918826229,0.461756767,0.4895813282,0.359037286,0.481003728,0.3871838771,0.3492996851,0.3765200252,0.441091413,0.5567069935,0.3630673724,0.3035418492,0.3175362205,0.332318086,0.4103323642,0.373483789,0.4680208483,0.4654880938,0.6818041152,0.4099355744,0.3652360054,0.5612315569,0.6546335187,0.5604070899,0.5640746228,0.4728261005,0.5754630211,0.6140843636,0.4661795827,0.6086259562,0.4854794193,0.4630929571,0.5065083291,0.6023747122,0.3804312018,0.5624526078,0.4191156853,0.4450960086,0.4257211428,0.6979591837,0.4181591378,0.4023684386,0.3739563036,0.4047929523,0.4771593845,0.4957005598,0.4194496251,0.5877836279,0.2862064016,0.3636656309,0.3673161174,0.4822420385,0.433437505,0.4305644055,0.5980304494,0.4963724917,0.4654786645,0.5226022238,0.5547561741,0.4551216313,0.4635737119,0.4516716483,0.4537129695,0.6681318681,0.5233007301,0.4533885709,0.4618047526,0.546099698,0.4794949937,0.4518536182,0.4863439006,0.486407455,0.4363404007,0.5352114127,0.4972849433,0.7232563745,0.4157689003,0.5441534454,0.522226867,0.4127097247,0.3413467347,0.5106991149,0.5492734646,0.4812384892,0.4076219858,0.4044500557,0.4575012847,0.6831168831,0.5621999821,0.4051386426,0.2995687824,0.3685134305,0.3080053536,0.3290112052,0.2908616278,0.3592625015,0.4759675469,0.4221318984,0.4180977055,0.4260418895,0.4418602626,0.7,0.4653482878,0.5091320265,0.549259183,0.5298293066,0.4898177168,0.31129981,0.2783579095,0.290742611,0.5266434488,0.4457569624,0.522224667,0.4767546103,0.6477350033,0.6147204831,0.6358611284,0.5839026296,0.503910821,0.5806947146,0.6180941086,0.5618251007,0.425170636,0.4353787606,0.6325054652,0.3759478951,0.419107557,0.4283655176,0.4583869633,0.534805913,0.6281609822,0.6169509925,0.4858613375,0.5037897714,0.4327060192,0.5604820033,0.5725916481,0.4699208964,0.550878257,0.6261257404,0.6190410886,0.4959221239,0.6461828225,0.5525705353,0.4300402185,0.4442459299,0.4834497702,0.276522806,0.4203166118,0.5649111995,0.5635292953,0.4757497792,0.5229860028],[0.5900574371,0.8847926267,0.8823529412,0.8857142857,1.0,0.8956043956,0.8839285714,0.8761904762,0.4571809959,0.2819445128,0.3005995708,0.2301824421,0.3109452898,0.1696414607,0.1761154348,0.3634656358,0.6075054587,0.5820791563,0.3790327697,0.3362566645,0.4315756004,0.5531581299,0.4889187287,0.5217854763,0.503629946,0.3624103247,0.4106069475,0.3588085922,0.3771563066,0.344526448,0.6758065249,0.3966339471,0.5705918588,0.3914772641,0.5214098253,0.4507416712,0.6393125448,0.5148824588,0.3705903813,0.4715378647,0.499714486,0.4817541461,0.5232921318,0.4338314462,0.4844614726,0.461756767,0.486316022,0.372024299,0.4651307121,0.3797627268,0.3418785349,0.3895070382,0.4336702627,0.5826810195,0.3760543853,0.3165288622,0.3435102465,0.3453050989,0.4233193772,0.399457815,0.4810078613,0.4784751068,0.6899209983,0.4025144241,0.3733528885,0.5693484401,0.6676205316,0.5563254573,0.5640746228,0.4524179372,0.5754630211,0.6270713766,0.4661795827,0.6170293176,0.4854794193,0.4916643857,0.5332940434,0.5849427394,0.3914202128,0.5624526078,0.4116945351,0.4450960086,0.4208371379,0.6714285714,0.3824448521,0.4023684386,0.3535481403,0.4047929523,0.4697382342,0.5076053217,0.4194496251,0.5861829877,0.2862064016,0.3636656309,0.3673161174,0.4822420385,0.446424518,0.4146913896,0.6110174624,0.4963724917,0.4654786645,0.5355892368,0.5547561741,0.4551216313,0.4635737119,0.4516716483,0.4537129695,0.6655462185,0.5233007301,0.4533885709,0.4618047526,0.546099698,0.4794949937,0.4518536182,0.4863439006,0.486407455,0.4363404007,0.5148032494,0.5102719563,0.7301245063,0.4157689003,0.5367322952,0.5148057168,0.4127097247,0.3413467347,0.5106991149,0.5611782266,0.4812384892,0.4076219858,0.4044500557,0.4575012847,0.6660714286,0.5562476012,0.4051386426,0.2995687824,0.3685134305,0.3080053536,0.3290112052,0.2849092468,0.3592625015,0.4759675469,0.4017237352,0.4180977055,0.4260418895,0.4418602626,0.719047619,0.4653482878,0.5210367884,0.549259183,0.5298293066,0.5028047298,0.324286823,0.2913449224,0.303729624,0.5206910678,0.4408729575,0.522224667,0.4767546103,0.6442717998,0.6147204831,0.6260931186,0.5839026296,0.4964896707,0.5747423337,0.6121417276,0.5666327931,0.4177494857,0.4353787606,0.6276214603,0.3699955141,0.419107557,0.4283655176,0.4702917252,0.547792926,0.6281609822,0.6169509925,0.492354844,0.5037897714,0.4327060192,0.5446089875,0.5725916481,0.4699208964,0.550878257,0.6371147514,0.6190410886,0.4907508246,0.6402304415,0.5466181544,0.4300402185,0.4442459299,0.4630416069,0.2561146427,0.3999084486,0.5649111995,0.5635292953,0.4887367922,0.5229860028],[0.624978072,0.9159663866,0.8914285714,0.8944099379,0.8956043956,1.0,0.9087301587,0.880952381,0.4571809959,0.2819445128,0.3005995708,0.2301824421,0.3109452898,0.1696414607,0.1761154348,0.3699591423,0.6031764544,0.5755856498,0.3725392632,0.329763158,0.4250820939,0.5466646234,0.4900009798,0.5152919698,0.4971364396,0.3559168182,0.404113441,0.3523150857,0.3641692936,0.3380329415,0.6772398742,0.4031274536,0.5768030389,0.3925595151,0.5279033318,0.4572351777,0.643749102,0.5148824588,0.3716726324,0.4650443582,0.4932209795,0.4882476526,0.5189631274,0.4349136973,0.4779679661,0.4741791273,0.5060395243,0.3655307925,0.4775530724,0.3732692203,0.3353850284,0.3830135317,0.4271767562,0.5629181736,0.3630673724,0.3035418492,0.3237474006,0.332318086,0.4103323642,0.386470802,0.4680208483,0.4654880938,0.6769339853,0.3960209176,0.3603658755,0.5563614271,0.6546335187,0.5720954016,0.5705681293,0.4589114437,0.5819565276,0.6205778701,0.4726730892,0.6192079668,0.5049599387,0.4845215285,0.5284863511,0.648640946,0.3999117213,0.5689461143,0.4052010286,0.4515895151,0.4293286464,0.7285714286,0.4019253715,0.4088619451,0.3600416468,0.4112864588,0.4632447277,0.5086875728,0.4259431315,0.6111262983,0.2862064016,0.3636656309,0.3738096239,0.4884532186,0.4399310115,0.4271137499,0.6045239559,0.5025836718,0.4716898447,0.5290957303,0.5612496806,0.4616151378,0.4700672184,0.4581651548,0.460206476,0.6869047619,0.5297942366,0.4598820774,0.4618047526,0.5523108782,0.4859885002,0.4580647983,0.4928374071,0.4929009615,0.4428339072,0.5212967559,0.5037784498,0.72875088,0.4157689003,0.5302387887,0.5083122103,0.4192032311,0.3413467347,0.5166514958,0.5554846448,0.4877319957,0.4141154923,0.4109435622,0.4575012847,0.6681318681,0.5505540194,0.4051386426,0.2995687824,0.3685134305,0.3080053536,0.3290112052,0.2792156651,0.3592625015,0.4759675469,0.4017237352,0.424591212,0.432535396,0.4418602626,0.710989011,0.4653482878,0.5153432066,0.549259183,0.5298293066,0.4963112233,0.3177933165,0.2848514159,0.2972361175,0.5149974861,0.4423063068,0.5284358471,0.4767546103,0.6526051332,0.6212139896,0.622748637,0.5903961361,0.4899961642,0.5758245848,0.6064481459,0.5684185073,0.4112559792,0.4418722671,0.6225848302,0.3643019323,0.419107557,0.4345766977,0.4713739762,0.5412994195,0.6346544887,0.623444499,0.5164735824,0.5037897714,0.4327060192,0.5505613684,0.5725916481,0.4758732773,0.5703587765,0.6385481007,0.6255345951,0.5025155305,0.6345368598,0.5477004054,0.436533725,0.4507394363,0.4630416069,0.2561146427,0.3999084486,0.571404706,0.5700228018,0.4757497792,0.5229860028],[0.6408510879,0.9189189189,0.8916256158,0.8761904762,0.8839285714,0.9087301587,1.0,0.8768472906,0.4622830367,0.2819445128,0.3057016116,0.2301824421,0.3109452898,0.1696414607,0.1761154348,0.3634656358,0.5995689508,0.5743831486,0.371336762,0.3285606568,0.4238795927,0.5454621222,0.4875959774,0.5140894686,0.4959339384,0.354714317,0.4029109398,0.3511125845,0.3617642912,0.3368304403,0.6806905298,0.4019249524,0.5811738694,0.3901545127,0.5267008306,0.4560326765,0.6284281911,0.5201734641,0.3637876602,0.463841857,0.4867274731,0.4817541461,0.5153556238,0.4325086949,0.4767654649,0.4719608487,0.5009191966,0.3643282913,0.4700568205,0.3667757138,0.3341825272,0.3818110305,0.425974255,0.5618090343,0.3630673724,0.3035418492,0.3226382613,0.332318086,0.4103323642,0.3785858298,0.4680208483,0.4654880938,0.6745289829,0.3948184164,0.3579608731,0.5484764549,0.659924524,0.5559735924,0.5693656281,0.4524179372,0.5754630211,0.6193753689,0.4661795827,0.6276735753,0.4956835009,0.4853618647,0.5360649793,0.5923638897,0.3853573102,0.5677436131,0.3987075221,0.4503870139,0.4200522085,0.6894009217,0.3824448521,0.4023684386,0.3588391456,0.4100839576,0.4620422265,0.5062825704,0.4247406303,0.6375813248,0.2914974068,0.3689566362,0.3726071227,0.4928240491,0.4387285103,0.4305644055,0.6033214547,0.5069545023,0.4760606751,0.5278932291,0.5547561741,0.4551216313,0.4635737119,0.4516716483,0.4537129695,0.6941798942,0.5285917353,0.4586795762,0.4670957579,0.5566817086,0.484785999,0.4624356288,0.4916349059,0.4916984603,0.441631406,0.5200942547,0.5025759486,0.7493044005,0.4210599055,0.5290362875,0.5071097091,0.4180007299,0.34663774,0.5265721308,0.5598554752,0.4865294945,0.4129129911,0.4097410609,0.46279229,0.6888888889,0.5549248499,0.4104296479,0.3048597877,0.3738044358,0.3132963589,0.3343022105,0.2835864955,0.3645535067,0.4812585522,0.4070147405,0.4233887108,0.4313328948,0.4471512679,0.7317460317,0.4759302984,0.5197140371,0.5545501883,0.5351203119,0.4951087221,0.3165908153,0.2836489147,0.2960336163,0.5138883468,0.4400880282,0.5328066776,0.4820456155,0.6442717998,0.6200114884,0.6252791178,0.5891936349,0.488793663,0.5734195824,0.6108189763,0.5582802585,0.4047624727,0.4406697659,0.6215585577,0.363192793,0.4243985623,0.4283655176,0.4689689738,0.5400969183,0.6334519875,0.6222419978,0.5171113375,0.5088918122,0.4379970245,0.5495350958,0.5778826534,0.4748470047,0.5667512729,0.6363298221,0.6190410886,0.5035007521,0.6334277205,0.5398154333,0.4353312238,0.4495369351,0.4683326122,0.261405648,0.4051994539,0.5702022047,0.5688203006,0.4757497792,0.5282770081],[0.5741844212,0.8719211823,0.8928571429,0.869047619,0.8761904762,0.880952381,0.8768472906,1.0,0.4571809959,0.2819445128,0.3005995708,0.2301824421,0.3109452898,0.1696414607,0.1761154348,0.3872751596,0.6245122614,0.5929016671,0.3898552805,0.3470791754,0.4423981112,0.5639806408,0.4974221301,0.5326079872,0.5144524569,0.3732328356,0.4214294583,0.369631103,0.3988013283,0.3553489588,0.6648175139,0.3966339471,0.5705918588,0.3795725022,0.5214098253,0.4507416712,0.6189043815,0.5148824588,0.3586856194,0.4585508517,0.4867274731,0.4817541461,0.5173397508,0.4423348476,0.4714744596,0.4796139099,0.4827786071,0.3828468098,0.4651307121,0.3667757138,0.3527010457,0.3765200252,0.4444927735,0.5567069935,0.3630673724,0.3035418492,0.3175362205,0.332318086,0.4103323642,0.373483789,0.4680208483,0.4654880938,0.6639469724,0.3895274112,0.3473788626,0.5433744141,0.6546335187,0.5461213756,0.5640746228,0.4524179372,0.5754630211,0.6140843636,0.4899891065,0.6345999822,0.5033365621,0.481160184,0.5174973401,0.5829419391,0.3804312018,0.5862621316,0.3987075221,0.4689055324,0.4277052698,0.6660714286,0.3824448521,0.4023684386,0.3535481403,0.4047929523,0.4567512212,0.5161087231,0.4194496251,0.6099925115,0.2862064016,0.3636656309,0.3673161174,0.4822420385,0.4572470288,0.4325485325,0.6218399732,0.4963724917,0.4858868278,0.5226022238,0.5547561741,0.4551216313,0.4635737119,0.4516716483,0.4537129695,0.6571428571,0.5233007301,0.4533885709,0.4618047526,0.546099698,0.4794949937,0.4518536182,0.4863439006,0.486407455,0.4363404007,0.5148032494,0.4972849433,0.7241721254,0.4157689003,0.547554806,0.5256282276,0.4127097247,0.3413467347,0.5106991149,0.5492734646,0.4812384892,0.4076219858,0.4044500557,0.4575012847,0.6571428571,0.5443428393,0.4051386426,0.2995687824,0.3685134305,0.3080053536,0.3290112052,0.2730044849,0.3592625015,0.4759675469,0.4017237352,0.4180977055,0.4260418895,0.4418602626,0.7285714286,0.4653482878,0.5295401897,0.5730687068,0.5298293066,0.5136272406,0.3351093338,0.3021674333,0.3145521348,0.5564053536,0.5013125179,0.5698437146,0.5005641341,0.666494022,0.638530007,0.6398293824,0.6077121534,0.5073121815,0.6104566194,0.6002369657,0.5398470788,0.4047624727,0.4353787606,0.6166324493,0.3580907522,0.419107557,0.4283655176,0.4583869633,0.534805913,0.6281609822,0.6169509925,0.4942646989,0.5241979347,0.4327060192,0.5446089875,0.5725916481,0.4699208964,0.550878257,0.6261257404,0.6190410886,0.4739441019,0.6283256796,0.5347133925,0.4300402185,0.4442459299,0.4630416069,0.2561146427,0.3999084486,0.5649111995,0.5635292953,0.4757497792,0.5229860028],[0.3043812902,0.4681700069,0.4889270277,0.4571809959,0.4571809959,0.4571809959,0.4622830367,0.4571809959,1.0,0.606441101,0.5822390162,0.5546790302,0.5211561637,0.4717074195,0.500612023,0.4987211975,0.5877707753,0.3119874249,0.2232267526,0.1804506475,0.2757695833,0.2830663986,0.3341949627,0.2802651736,0.2621096433,0.2066043077,0.2548009304,0.2030025751,0.2083632766,0.188720431,0.6370609551,0.3376148254,0.4258584513,0.3205533804,0.3766764178,0.3917225494,0.3903710917,0.3836317293,0.3085434556,0.3861248621,0.3569927875,0.365760709,0.3593547383,0.3952197624,0.3916164552,0.3818987626,0.3342906687,0.2949097711,0.322311708,0.4324280434,0.2813991859,0.3338361034,0.2871306319,0.5982933781,0.4890224755,0.4294969524,0.4434913237,0.3725589034,0.4220017531,0.3578448168,0.3033231131,0.3738975488,0.4978093092,0.3376754622,0.2955269136,0.40055541,0.4261002289,0.4033023716,0.367453015,0.4549907002,0.3740290396,0.4129954863,0.266975666,0.3515212379,0.3426604152,0.3131310959,0.363689325,0.414912851,0.3682946052,0.3891240036,0.3469051433,0.3468540352,0.3256635046,0.5143238531,0.3067892314,0.3492181283,0.3175760647,0.2619739482,0.3538550549,0.3223654377,0.3456979306,0.4484660244,0.3019698986,0.3483709712,0.3299197558,0.4355787132,0.3793213591,0.3607801693,0.340925731,0.3998031407,0.4139905496,0.3824743542,0.2976514558,0.3796297985,0.3880818791,0.4618941012,0.4639354225,0.5143238531,0.3335031305,0.4231977749,0.3892528301,0.5654743194,0.3818927664,0.430091838,0.3887416733,0.3888052277,0.4530238877,0.3474492913,0.3255259148,0.4770564896,0.4286264428,0.3624819712,0.3324913929,0.3949345228,0.3159646768,0.3678801108,0.5628797831,0.2527051994,0.2648029817,0.4140196725,0.3959047109,0.5143238531,0.6022601585,0.4590192602,0.3534494,0.4223940481,0.3618859712,0.3828918228,0.3284503414,0.3274288333,0.2995279477,0.3111137952,0.351138679,0.4127195318,0.4086473867,0.4918748735,0.3612327878,0.4026758244,0.3990092044,0.3921205558,0.5882064526,0.4057844895,0.4012813722,0.4136660738,0.3279148623,0.4345216735,0.3834423645,0.3913522192,0.3776432719,0.3861871933,0.3510470799,0.4287216333,0.4153170549,0.412512315,0.421829045,0.4010647763,0.4007076462,0.2479167019,0.3880991595,0.2658182953,0.3386476315,0.3477224014,0.3196046608,0.4353292759,0.3996276924,0.3884177027,0.3540313444,0.4032195952,0.3789974239,0.4375042691,0.421720295,0.4644334239,0.4666546349,0.4523684159,0.4233316804,0.3496892481,0.3997923898,0.3798956297,0.3961068208,0.4103125322,0.4538299101,0.2469029458,0.304982466,0.4105959384,0.4092140342,0.4092577439,0.5089061591],[0.2989653665,0.2874390183,0.2978175287,0.2819445128,0.2819445128,0.2819445128,0.2819445128,0.2819445128,0.606441101,1.0,0.6878103887,0.9459646886,0.7706848536,0.8640932522,0.8929978557,0.5339641731,0.4084975906,0.3484034668,0.40127142,0.3531553897,0.4459153374,0.318253923,0.4790520087,0.3005336379,0.2965420876,0.3767500617,0.3612576141,0.3811026936,0.3872252806,0.3617609871,0.3162761948,0.430418908,0.3758053911,0.413357463,0.3340998741,0.3491460058,0.3315512135,0.33578612,0.4035549892,0.3382792528,0.3304455802,0.3392135017,0.4368425167,0.3588193032,0.3586373176,0.348919625,0.3589212418,0.422185278,0.4593895399,0.4153250845,0.4569001635,0.4205285779,0.3206995296,0.4217113278,0.5253412285,0.5077452498,0.5301837981,0.3980922333,0.4374730363,0.4376936037,0.3336769955,0.384863247,0.3225728261,0.4537436303,0.4691003507,0.3678279166,0.3180065737,0.3946409674,0.2338297944,0.4356531939,0.240405819,0.2793722658,0.2967933208,0.3106673027,0.4262845945,0.4132041156,0.4328745862,0.4038952383,0.4303704603,0.3966105377,0.4368891015,0.3825202895,0.42551819,0.33908737,0.3368599394,0.3746600678,0.4649176005,0.4059487379,0.3902677052,0.3560080714,0.3820307827,0.4168499605,0.4774294533,0.510863559,0.4924123437,0.4018652429,0.4075833896,0.4100939958,0.2987246676,0.3634026815,0.3717894861,0.4473602554,0.3289848877,0.3905623428,0.4096623589,0.5211671358,0.5320184255,0.33908737,0.3271826175,0.4378313672,0.4104399438,0.4446895591,0.349662514,0.3943433076,0.3529931429,0.3530566973,0.3949116993,0.3384831899,0.2880101302,0.279926162,0.4118130572,0.3150648125,0.3424199256,0.4618030784,0.4232785514,0.3845281385,0.4407494555,0.2795191713,0.3869333093,0.4504357143,0.3388936789,0.33908737,0.4229869738,0.4876579575,0.4743045004,0.5052395367,0.4753761392,0.4704896671,0.4453017659,0.3578838205,0.3188086238,0.3305426717,0.3858148997,0.5562892306,0.4439608916,0.2962302271,0.3487493709,0.3823555366,0.4153458411,0.4121790952,0.4089332679,0.4336594209,0.4347829202,0.4361004353,0.301367655,0.4532145803,0.4239678586,0.3148718557,0.2440200514,0.2525639728,0.3378030053,0.2950984127,0.3959795486,0.2788890945,0.2882058244,0.3874787358,0.4099415685,0.2674441511,0.2544759389,0.3996314588,0.3478815538,0.3569563237,0.4451328524,0.3017060554,0.2660044718,0.2547944822,0.4649749474,0.3553106604,0.3882313461,0.3253096199,0.2880970744,0.4570006795,0.3330314143,0.3187451953,0.2897084598,0.4384365619,0.2661691693,0.2462724092,0.3767693146,0.3624035973,0.3202066895,0.4222886329,0.3329184922,0.2769727178,0.2755908136,0.3327773804,0.3038543671],[0.45738532,0.3115885818,0.3323456026,0.3005995708,0.3005995708,0.3005995708,0.3057016116,0.3005995708,0.5822390162,0.6878103887,1.0,0.7418457002,0.8687747101,0.72685399,0.746461708,0.3386147473,0.1700097914,0.4435199011,0.3364707311,0.3364737822,0.2834947168,0.419488228,0.2769529729,0.4233115091,0.4663570796,0.3526599924,0.3367671653,0.3338984207,0.3213966737,0.2833463368,0.3349312528,0.2999616486,0.383146594,0.3170230935,0.4160541204,0.4010079888,0.327373385,0.4292108014,0.2869534209,0.332732697,0.457355342,0.4685910702,0.2042599759,0.3642164214,0.3714630485,0.3811807411,0.3290539227,0.3203757091,0.3138915678,0.4905064916,0.3558039425,0.4251428909,0.4212244231,0.4117949573,0.4802216206,0.4673455561,0.4697264498,0.5719045256,0.5466660873,0.4152217978,0.3984267214,0.4039136044,0.3412278841,0.3347375033,0.3522026061,0.2805794511,0.3205277544,0.3065301988,0.4499470782,0.325485258,0.3847688272,0.3987042495,0.5024317655,0.4039727432,0.2408414768,0.2896843148,0.2720107422,0.2558740065,0.3825727328,0.4047159554,0.4015608425,0.478093671,0.3341590805,0.2434567137,0.3843296869,0.4455297037,0.3645842059,0.3037344915,0.3792476893,0.4366891589,0.4296705732,0.1902669233,0.3977651635,0.3595421632,0.342012413,0.4316499189,0.4291618535,0.3706646314,0.4039563615,0.3616154966,0.4148442736,0.2736118821,0.4342539525,0.5196827317,0.4933376046,0.3808981009,0.3227288583,0.2434567137,0.4692310026,0.4305682958,0.408365441,0.2919160456,0.5199274809,0.4306179365,0.5119611842,0.5118976297,0.4480479205,0.4614322776,0.4068604289,0.3164383629,0.397079008,0.4572917802,0.4791962133,0.3663094615,0.3990751314,0.3569249152,0.2879759421,0.4484528789,0.3498458275,0.4365614381,0.3759165098,0.2434567137,0.3273563175,0.4704956036,0.4513494076,0.4207497473,0.4246257642,0.4412692919,0.4732052762,0.5538751385,0.483651731,0.5190084721,0.4583034355,0.3539293649,0.413932037,0.3067220198,0.5046477288,0.4526516972,0.426787914,0.4559387924,0.4275883259,0.56749483,0.5693513088,0.5794602846,0.4761603197,0.5532055274,0.2792317398,0.2795605277,0.3801372948,0.3715933734,0.3641344542,0.4002585926,0.3007488457,0.4352868859,0.3698701087,0.2994630337,0.3240763862,0.425272381,0.3696814072,0.3574596887,0.310027082,0.2755664069,0.2146474715,0.4147459179,0.3581528744,0.369362864,0.2610013646,0.3014220224,0.2946412568,0.3345620119,0.3837102031,0.3209560739,0.3421764557,0.3601159933,0.351096004,0.2513279746,0.3579881769,0.4451299359,0.3559496729,0.3703153902,0.4069250571,0.37925524,0.464956565,0.4212861155,0.4226680197,0.3634217713,0.4109649598],[0.3490421044,0.2356769476,0.2460554579,0.2301824421,0.2301824421,0.2301824421,0.2301824421,0.2301824421,0.5546790302,0.9459646886,0.7418457002,1.0,0.8233964147,0.9168048133,0.9457094168,0.5253404757,0.3567355198,0.3731027723,0.4539894167,0.406890911,0.4702204451,0.3490710993,0.4351072727,0.3545269923,0.3497529333,0.4307232727,0.4110813851,0.4338142547,0.4393981176,0.4153233124,0.264514124,0.4794700454,0.3413008938,0.4624086004,0.3742084202,0.3993717381,0.2855276848,0.3855709032,0.4533397723,0.3766012825,0.3811377628,0.3899056843,0.3909857043,0.4080850069,0.4099149018,0.4001972093,0.410198826,0.4742219913,0.4720458676,0.4666288911,0.5106288266,0.4744678683,0.3739148416,0.3699492571,0.5240902061,0.551432616,0.5707378925,0.4520906985,0.4762489586,0.4917248676,0.3565810212,0.4376573449,0.2708107553,0.4643203746,0.522886031,0.3815908938,0.2786820542,0.3503987844,0.2797696954,0.4815930948,0.2863457199,0.3253121667,0.3507004976,0.3335556145,0.4275672052,0.4618616092,0.4301650421,0.3568854492,0.4821878073,0.3628702552,0.4905842989,0.4349798904,0.4637419517,0.2873252992,0.3905112905,0.4286880408,0.5182591127,0.4596796514,0.4231162748,0.3948434587,0.4337125244,0.3650878898,0.5308293217,0.5462678916,0.5287381414,0.4278994568,0.46159051,0.4599177668,0.3335392327,0.4054840821,0.4205457413,0.4031947534,0.3638368237,0.4395628192,0.4514919044,0.4819095436,0.4808831581,0.2873252992,0.3771905528,0.4744368813,0.4522340266,0.3929274883,0.3987728934,0.443430227,0.4020800623,0.4021436167,0.4432052831,0.3875514169,0.3364433001,0.2281640913,0.4580528055,0.3620881172,0.3912960354,0.5088263831,0.4771199799,0.4007935008,0.3889873848,0.3335057378,0.4382564972,0.4804300236,0.3893076998,0.2873252992,0.371224903,0.5143641891,0.5271165858,0.52176119,0.5293223583,0.5243021684,0.4990751334,0.4116963218,0.3716807392,0.384397785,0.4393113054,0.5120836647,0.4578006225,0.2444681563,0.3866115524,0.3631869494,0.3849422138,0.4140930922,0.3571711971,0.4872244741,0.4832147995,0.4898155901,0.3520598376,0.4975181016,0.3802431824,0.3608117567,0.2899599523,0.2985038737,0.2937173254,0.3410383137,0.4419194496,0.3248289954,0.3280244085,0.3433316193,0.4558814694,0.3214591143,0.3004158399,0.4536464221,0.3938214548,0.4028962246,0.4013731999,0.3476459563,0.3119443728,0.3007343831,0.4200714153,0.4012505613,0.4341712471,0.3712495209,0.3340369753,0.4910151356,0.3789713152,0.3182702931,0.3092503038,0.3936092585,0.3121090702,0.2922123101,0.4227092155,0.4083434983,0.3661465905,0.4757317053,0.3867359482,0.3229126188,0.3215307146,0.3787172814,0.349794268],[0.4693541743,0.3164397953,0.3268183057,0.3109452898,0.3109452898,0.3109452898,0.3109452898,0.3109452898,0.5211561637,0.7706848536,0.8687747101,0.8233964147,1.0,0.8362655415,0.865170145,0.3984114658,0.1803555104,0.4549657945,0.3734409363,0.3209951024,0.3312856097,0.479275738,0.3177690243,0.4645509807,0.4776090223,0.3381781753,0.2875363689,0.3532749828,0.3571334622,0.3322906899,0.3452769718,0.3149818469,0.3981667924,0.3320432919,0.4345963291,0.4195501974,0.3506578847,0.4463940608,0.3041366803,0.3499159564,0.476729276,0.4879650042,0.2290581349,0.3810073956,0.3941659502,0.4038836428,0.3522236778,0.3456966476,0.3304690372,0.4904003668,0.3920949997,0.4632394051,0.4794838404,0.4221406763,0.5277270208,0.4832923115,0.5131196911,0.588953168,0.5805660312,0.4584661936,0.4542060841,0.4283255292,0.3515736031,0.390516866,0.4016289324,0.2932111094,0.3318525542,0.3594971492,0.4069222812,0.335830977,0.3849268772,0.4090499685,0.5125060706,0.4141504223,0.2521081748,0.303528125,0.2847480138,0.2752479405,0.4027093072,0.4239735485,0.437725833,0.5350713213,0.3754207884,0.2538024327,0.4404542409,0.4758695126,0.4218793962,0.3585352098,0.4288724777,0.488873775,0.4813332569,0.1887078804,0.4477442334,0.3924072579,0.3748775077,0.4079704466,0.4701415877,0.3874556056,0.418010902,0.3784064708,0.4288988141,0.2970210459,0.4690344664,0.5316530409,0.5189031495,0.3923174234,0.3333283216,0.2538024327,0.484584748,0.450995655,0.4187105252,0.3022617646,0.5301595557,0.4452686978,0.5266119455,0.5265483911,0.4590991911,0.4748552058,0.4298306157,0.308926939,0.3361072403,0.4614719879,0.4910978909,0.377457894,0.4260528668,0.3878110454,0.2983216611,0.4693229412,0.4034703224,0.4901859329,0.3960059828,0.2538024327,0.3377020365,0.4808707317,0.4933628554,0.4544494071,0.4734729054,0.4902606761,0.4636079264,0.5489231442,0.4805889729,0.5077491561,0.4559530897,0.3680499966,0.4372784329,0.2966595755,0.5168056896,0.4495985148,0.4394084789,0.4666596179,0.4379340449,0.5856606106,0.6067777463,0.6057542939,0.4882406383,0.5640218249,0.3210214458,0.2899062467,0.3904830138,0.3819390924,0.4121615259,0.4106043116,0.3110945647,0.4456326049,0.3802158276,0.3540653965,0.3258911981,0.4536353373,0.3800271262,0.385822645,0.2638311834,0.2729059533,0.2624069361,0.4250916369,0.3684985934,0.379708583,0.3213526699,0.3117677414,0.3041809758,0.3091934452,0.394055922,0.3432065548,0.3525221747,0.3704617123,0.361441723,0.2950561506,0.3683338959,0.3907934673,0.3212903727,0.3354960841,0.379013462,0.3918746313,0.5193434682,0.421493776,0.4201118718,0.3344412958,0.3498821073],[0.3280503452,0.1751359662,0.1855144766,0.1696414607,0.1696414607,0.1696414607,0.1696414607,0.1696414607,0.4717074195,0.8640932522,0.72685399,0.9168048133,0.8362655415,1.0,0.9710953965,0.5191349077,0.2961945385,0.3136619654,0.5110937027,0.4586478688,0.4471246377,0.3379719089,0.4050366238,0.3518185802,0.3866903601,0.4758309418,0.4251891354,0.4909277493,0.4947862286,0.4564887327,0.196738278,0.4235860103,0.2781995271,0.4406474552,0.3146290638,0.3852972179,0.2379254842,0.3213641596,0.4019997915,0.3056536647,0.3502978587,0.381349492,0.3448971629,0.3795002893,0.360858207,0.3705758996,0.3823484201,0.4567712539,0.4177366366,0.4632070808,0.520995619,0.5004159467,0.3895364702,0.3242774307,0.515578061,0.5568576375,0.5581135885,0.5129036609,0.4541313571,0.4831006451,0.3275825557,0.4066266219,0.2160439578,0.4549872208,0.5232421443,0.3233358517,0.2191201537,0.3324790343,0.2881670423,0.4300506016,0.2754884942,0.2629817176,0.3966123962,0.2728465932,0.3679472029,0.4193671531,0.3720156132,0.3053726828,0.4580854933,0.3148375642,0.4792204159,0.4032429298,0.4348518111,0.2267843178,0.4304278266,0.46390676,0.4993221691,0.4458028092,0.408918342,0.3819155583,0.4579115584,0.3045469084,0.5484554852,0.494874153,0.4740049371,0.3882086962,0.442239974,0.4521645077,0.2767070728,0.344052349,0.4090626943,0.3557172168,0.3277306372,0.4100833571,0.3973334656,0.4136048824,0.4117586378,0.2267843178,0.3360460542,0.4249886733,0.4068566653,0.3347178068,0.3955347472,0.4218469993,0.3876394163,0.3875758619,0.4367338611,0.3657192216,0.3089619057,0.1676231099,0.4403665403,0.3585163001,0.3811739783,0.4699051929,0.5106667373,0.3607929305,0.3236819816,0.3784042791,0.4621664932,0.4584033963,0.3642234462,0.2267843178,0.3244060684,0.4675747636,0.573207128,0.4982962961,0.545891223,0.5341075651,0.5578399825,0.4717266288,0.3969266751,0.3991402599,0.4568802594,0.45235351,0.4303717216,0.183927175,0.356509144,0.3224739593,0.3170155617,0.3521550031,0.3219056236,0.4944558478,0.5193207536,0.5197065575,0.3519684419,0.4520242761,0.3511461881,0.339548296,0.2491791847,0.2692066918,0.2708576968,0.2931074893,0.3923818413,0.3156986164,0.2745474062,0.3270472817,0.448092397,0.3705117444,0.2672947257,0.4922644892,0.4014839498,0.3894731275,0.3782459641,0.3379499762,0.2557661928,0.2669761824,0.4086202694,0.3762380961,0.412124276,0.3393181875,0.2965216686,0.4140328746,0.3308232674,0.2554673291,0.2557733015,0.38232375,0.2556014953,0.2934486369,0.4282029744,0.4138372571,0.3539172344,0.5096355466,0.3867192165,0.3155242545,0.3169061587,0.3899761928,0.3375144547],[0.3345243193,0.1816099403,0.1919884507,0.1761154348,0.1761154348,0.1761154348,0.1761154348,0.1761154348,0.500612023,0.8929978557,0.746461708,0.9457094168,0.865170145,0.9710953965,1.0,0.5207244679,0.3026685125,0.3201359395,0.5082707913,0.4558249574,0.4535986118,0.3444458829,0.4115105978,0.3582925543,0.3838674487,0.4730080304,0.422366224,0.4881048379,0.4919633172,0.4629627068,0.2104471167,0.437294849,0.2919083659,0.454356294,0.3283379026,0.3990060567,0.2443994583,0.3401356343,0.4264496824,0.3293718156,0.3704708495,0.3817065777,0.351371137,0.3604632549,0.3736218094,0.383339502,0.3888223942,0.4680096497,0.4242106107,0.482373079,0.5144080018,0.5051348486,0.3732254139,0.3158822498,0.5071828801,0.5484624565,0.5497184075,0.4952115944,0.4457361761,0.49506491,0.3479476576,0.4077813884,0.216743748,0.455687011,0.5239419345,0.3298098258,0.2255941277,0.3389530084,0.2846092791,0.4295725505,0.2888561197,0.2742201135,0.3901930685,0.2793205672,0.3744211769,0.4258411271,0.3784895873,0.3118466569,0.4393080236,0.317715122,0.4743245494,0.4288128949,0.4405909334,0.2332582919,0.4199101002,0.4678422248,0.5156209698,0.4522767833,0.408328337,0.3826153485,0.4607891162,0.3110208825,0.5773290676,0.51472026,0.4971905098,0.3874263058,0.4495974469,0.4526257506,0.2831810469,0.35786233,0.4083546734,0.3621911909,0.3342046113,0.4253946144,0.412644723,0.4289161398,0.4270698951,0.2332582919,0.349754893,0.4304515143,0.3981663844,0.338860481,0.3996774214,0.4247245571,0.3917820905,0.3917185361,0.4408765353,0.3685967793,0.2950007607,0.174097084,0.4298488139,0.3621817862,0.3848394644,0.4711994675,0.4963712965,0.3672669046,0.3349203775,0.3755813677,0.4686404673,0.4696417921,0.375461842,0.2332582919,0.3171578957,0.4603265909,0.5659589553,0.4910481234,0.5386430503,0.5268593925,0.5412949243,0.4551815706,0.3868473993,0.4140075825,0.4479258019,0.4617915702,0.4167342921,0.1904011491,0.3819758346,0.3433400883,0.3331500524,0.3604011914,0.3031041898,0.4794021842,0.5005193198,0.5009051237,0.3607043986,0.4577633984,0.3576201622,0.3265049631,0.2556531588,0.2756806659,0.2773316708,0.3043458851,0.4048361382,0.3108027498,0.2739574012,0.3335212557,0.4567351073,0.3598937637,0.2737686998,0.4920810715,0.3986610384,0.4077358083,0.3847199382,0.3188332104,0.2622401669,0.2734501565,0.4150942434,0.3769378863,0.4272999779,0.3457921616,0.2877974956,0.4369481284,0.331978034,0.2642032858,0.2551832965,0.3887977241,0.2620754694,0.2970518938,0.4275487992,0.413183082,0.3709861742,0.5267044863,0.4130850417,0.325373408,0.3263702983,0.3835568651,0.3293379666],[0.425787778,0.3634656358,0.3793386517,0.3634656358,0.3634656358,0.3699591423,0.3634656358,0.3872751596,0.4987211975,0.5339641731,0.3386147473,0.5253404757,0.3984114658,0.5191349077,0.5207244679,1.0,0.6328758564,0.4651182367,0.5753791428,0.5229333089,0.6092816575,0.4923616459,0.5988607989,0.4573686802,0.4509758002,0.5401163819,0.4894745755,0.5552131894,0.5590716687,0.5342288964,0.5023952392,0.5178332384,0.4409993455,0.5007717935,0.4262108099,0.4412569415,0.4317496593,0.4485939921,0.5125781401,0.44909878,0.4477650312,0.4735970791,0.538721338,0.4827818409,0.4889916577,0.5268930127,0.4861005825,0.5407061305,0.5900758252,0.4632122625,0.6146973625,0.5763302852,0.4954220659,0.3605222109,0.5434226194,0.4862713477,0.5464083062,0.419609706,0.4439553499,0.5811430958,0.4914428552,0.5271942858,0.3710134335,0.591698545,0.600834058,0.489793654,0.4129443288,0.5263032094,0.3525787051,0.5494703185,0.3526688069,0.3936672693,0.6027737435,0.4479350318,0.5938210678,0.5475117172,0.5553081096,0.4991968579,0.5525068457,0.5076646633,0.5900241819,0.5309854298,0.5831356,0.4206084929,0.5143937058,0.5091838802,0.613706196,0.5760825858,0.5567882558,0.5258244226,0.5401343421,0.4983710835,0.6156033779,0.6428439015,0.6225631045,0.5445986689,0.5429198175,0.5428477778,0.4231376794,0.4836838637,0.5014004894,0.5495413919,0.4792815087,0.4220029805,0.4592405483,0.5251339767,0.523287732,0.4206084929,0.4323330531,0.5699112291,0.5361659951,0.4751841363,0.4239283594,0.4608577632,0.4273064941,0.4273700485,0.4671537091,0.4636283177,0.4291419174,0.361447285,0.5301141303,0.4220028973,0.4600121723,0.5790865906,0.5601064926,0.5306067246,0.4281313502,0.4426897192,0.5534832082,0.522846385,0.4480327536,0.4206084929,0.3976449511,0.5020445324,0.5312950591,0.5476825607,0.53290857,0.5280326231,0.4999742842,0.4154267765,0.4583003743,0.4321985261,0.5205268957,0.6437327469,0.5863933378,0.3777513501,0.5015213562,0.516592581,0.511948934,0.5307210563,0.2654624794,0.3469987288,0.3572515416,0.3541291603,0.4192232977,0.448286643,0.54